-0.677378
-0.671051
-0.664724
-0.658397
-0.652070
-0.645743
-0.639416
-0.633089
-0.626762
-0.620435
-0.614108
-0.607781
-0.601454
-0.595127
-0.588800
-0.582473
-0.576146
-0.569819
-0.563492
-0.557165
-0.550838
-0.544511
-0.538184
-0.531857
-0.525530
-0.519203
-0.512876
-0.506549
-0.500222
-0.493895
-0.487567
-0.481240
-0.474913
-0.468586
-0.462259
-0.455932
-0.449605
-0.443278
-0.436951
-0.430624
-0.424297
-0.417970
-0.411643
-0.405316
-0.398989
-0.392662
-0.386335
-0.380008
-0.373681
-0.367354
-0.361027
-0.354700
-0.348373
-0.342046
-0.335719
-0.329392
-0.323065
-0.316738
-0.310411
-0.304084
-0.297756
-0.291429
-0.285102
-0.278775
-0.272448
-0.266121
-0.259794
-0.253467
-0.247140
-0.240813
-0.234486
-0.228159
-0.221832
-0.215505
-0.209178
-0.202851
-0.196524
-0.190197
-0.183870
-0.177543
-0.171216
-0.164889
-0.158562
-0.152235
-0.145908
-0.139581
-0.133254
-0.126927
-0.120600
-0.114273
-0.107946
-0.101618
-0.095291
-0.088964
-0.082637
-0.076310
-0.069983
-0.063656
-0.057329
-0.051002
-0.044675
-0.038348
-0.032021
-0.025694
-0.019367
-0.013040
-0.006713
-0.000386
0.005941
0.012268
0.018595
0.024922
0.031249
0.037576
0.043903
0.050230
0.056557
0.062884
0.069211
0.075538
0.081865
0.088193
0.094520
0.100847
0.107174
0.113501
0.119828
0.126155
0.132482
0.138809
0.145136
0.151463
0.157790
0.164117
0.170444
0.176771
0.183098
0.189425
0.195752
0.202079
0.208406
0.214733
0.221060
0.227387
0.233714
0.240041
0.246368
0.252695
0.259022
0.265349
0.271676
0.278004
0.284331
0.290658
0.296985
0.303312
0.309639
0.315966
0.322293
0.328620
0.334947
0.341274
0.347601
0.353928
0.360255
0.366582
0.372909
0.379236
0.385563
0.391890
0.398217
0.404544
0.410871
0.417198
0.423525
0.429852
0.436179
0.442506
0.448833
0.455160
0.461487
0.467815
0.474142
0.480469
0.486796
0.493123
0.499450
0.505777
0.512104
0.518431
0.524758
0.531085
0.537412
0.543739
0.550066
0.556393
0.562720
0.569047
0.575374
0.581701
0.588028
0.594355
0.600682
0.607009
0.613336
0.619663
0.625990
0.632317
0.638644
0.644971
0.651298
0.657625
0.663953
0.670280
0.676607
0.682934
0.689261
0.695588
0.701915
0.708242
0.714569
0.720896
0.727223
0.733550
0.739877
0.746204
0.752531
0.758858
0.765185
0.771512
0.777839
0.784166
0.790493
0.796820
0.803147
0.809474
0.815801
0.822128
0.828455
0.834782
0.841109
0.847436
0.853764
0.860091
0.866418
0.872745
0.879072
0.885399
0.891726
0.898053
0.904380
0.910707
0.917034
0.923361
0.929688
0.936015
