-0.869012
-0.861918
-0.854825
-0.847732
-0.840638
-0.833545
-0.826451
-0.819358
-0.812264
-0.805171
-0.798078
-0.790984
-0.783891
-0.776797
-0.769704
-0.762610
-0.755517
-0.748424
-0.741330
-0.734237
-0.727143
-0.720050
-0.712956
-0.705863
-0.698770
-0.691676
-0.684583
-0.677489
-0.670396
-0.663302
-0.656209
-0.649116
-0.642022
-0.634929
-0.627835
-0.620742
-0.613648
-0.606555
-0.599462
-0.592368
-0.585275
-0.578181
-0.571088
-0.563994
-0.556901
-0.549808
-0.542714
-0.535621
-0.528527
-0.521434
-0.514340
-0.507247
-0.500154
-0.493060
-0.485967
-0.478873
-0.471780
-0.464686
-0.457593
-0.450500
-0.443406
-0.436313
-0.429219
-0.422126
-0.415032
-0.407939
-0.400846
-0.393752
-0.386659
-0.379565
-0.372472
-0.365378
-0.358285
-0.351192
-0.344098
-0.337005
-0.329911
-0.322818
-0.315724
-0.308631
-0.301538
-0.294444
-0.287351
-0.280257
-0.273164
-0.266070
-0.258977
-0.251884
-0.244790
-0.237697
-0.230603
-0.223510
-0.216416
-0.209323
-0.202229
-0.195136
-0.188043
-0.180949
-0.173856
-0.166762
-0.159669
-0.152575
-0.145482
-0.138389
-0.131295
-0.124202
-0.117108
-0.110015
-0.102921
-0.095828
-0.088735
-0.081641
-0.074548
-0.067454
-0.060361
-0.053267
-0.046174
-0.039081
-0.031987
-0.024894
-0.017800
-0.010707
-0.003613
0.003480
0.010573
0.017667
0.024760
0.031854
0.038947
0.046041
0.053134
0.060227
0.067321
0.074414
0.081508
0.088601
0.095695
0.102788
0.109881
0.116975
0.124068
0.131162
0.138255
0.145349
0.152442
0.159535
0.166629
0.173722
0.180816
0.187909
0.195003
0.202096
0.209189
0.216283
0.223376
0.230470
0.237563
0.244657
0.251750
0.258843
0.265937
0.273030
0.280124
0.287217
0.294311
0.301404
0.308497
0.315591
0.322684
0.329778
0.336871
0.343965
0.351058
0.358151
0.365245
0.372338
0.379432
0.386525
0.393619
0.400712
0.407805
0.414899
0.421992
0.429086
0.436179
0.443273
0.450366
0.457459
0.464553
0.471646
0.478740
0.485833
0.492927
0.500020
0.507113
0.514207
0.521300
0.528394
0.535487
0.542581
0.549674
0.556767
0.563861
0.570954
0.578048
0.585141
0.592235
0.599328
0.606421
0.613515
0.620608
0.627702
0.634795
0.641889
0.648982
0.656075
0.663169
0.670262
0.677356
0.684449
0.691543
0.698636
0.705729
0.712823
0.719916
0.727010
0.734103
0.741197
0.748290
0.755383
0.762477
0.769570
0.776664
0.783757
0.790851
0.797944
0.805037
0.812131
0.819224
0.826318
0.833411
0.840505
0.847598
0.854692
0.861785
0.868878
0.875972
0.883065
0.890159
0.897252
0.904346
0.911439
0.918532
0.925626
0.932719
0.939813
